					 OpenProp_Performance.txt 

					 OpenProp Performance Table

Date and time: 2022-01-20 17:45:15

 r/R	 V*	 beta	 betai	 Gamma	 CL	 Sigma	 dBetai
0.512	 23.19	 3.70	 7.73	 0.0138	 0.083	 0.477	 2.18
0.537	 24.32	 3.53	 7.34	 0.0137	 0.078	 0.433	 2.09
0.562	 25.45	 3.37	 7.05	 0.0137	 0.075	 0.396	 2.00
0.588	 26.58	 3.23	 6.77	 0.0137	 0.072	 0.363	 1.91
0.613	 27.71	 3.10	 6.52	 0.0136	 0.068	 0.334	 1.84
0.637	 28.84	 2.98	 6.28	 0.0136	 0.065	 0.308	 1.77
0.662	 29.97	 2.87	 6.06	 0.0135	 0.063	 0.285	 1.70
0.688	 31.10	 2.76	 5.85	 0.0134	 0.060	 0.265	 1.64
0.713	 32.23	 2.66	 5.66	 0.0134	 0.058	 0.247	 1.58
0.738	 33.37	 2.57	 5.49	 0.0133	 0.055	 0.230	 1.53
0.762	 34.50	 2.49	 5.33	 0.0132	 0.053	 0.215	 1.48
0.787	 35.63	 2.41	 5.17	 0.0131	 0.051	 0.202	 1.44
0.812	 36.76	 2.34	 5.03	 0.0129	 0.049	 0.190	 1.39
0.838	 37.89	 2.27	 4.90	 0.0128	 0.047	 0.178	 1.35
0.863	 39.02	 2.20	 4.77	 0.0127	 0.046	 0.168	 1.31
0.887	 40.15	 2.14	 4.65	 0.0126	 0.044	 0.159	 1.28
0.912	 41.28	 2.08	 4.55	 0.0125	 0.042	 0.150	 1.24
0.938	 42.41	 2.03	 4.44	 0.0124	 0.040	 0.142	 1.21
0.963	 43.54	 1.97	 4.35	 0.0123	 0.042	 0.135	 1.18
0.988	 44.67	 1.92	 4.24	 0.0123	 0.063	 0.128	 1.15

r/R 	 [ ], radial position of control points / propeller radius.
V* 	 [m/s], total inflow velocity.
beta 	 [deg], undisturbed flow angle.
betai 	 [deg], hydrodynamic Pitch angle.
Gamma 	 [m^2/s], vortex sheet strength.
CL 	 [ ], section lift coefficient.
Sigma 	 [ ], cavitation number.
d_alpha  [deg], inflow variation bucket width.
