					 C4-28x72-5000Thick_Performance.txt 

					 OpenProp Performance Table

Date and time: 2022-04-20 12:07:44

 r/R	 V*	 beta	 betai	 Gamma	 CL	 Sigma	 dBetai
0.512	 9.58	 8.83	 19.48	 0.0400	 0.414	 2.740	 4.74
0.537	 10.17	 8.42	 18.24	 0.0398	 0.388	 2.433	 4.59
0.562	 10.61	 8.05	 17.50	 0.0398	 0.372	 2.234	 4.42
0.588	 11.07	 7.71	 16.87	 0.0399	 0.358	 2.053	 4.26
0.613	 11.54	 7.40	 16.29	 0.0400	 0.344	 1.890	 4.11
0.637	 12.00	 7.12	 15.75	 0.0401	 0.331	 1.746	 3.97
0.662	 12.47	 6.85	 15.25	 0.0402	 0.320	 1.617	 3.84
0.688	 12.94	 6.60	 14.77	 0.0403	 0.309	 1.501	 3.72
0.713	 13.41	 6.37	 14.33	 0.0403	 0.298	 1.398	 3.60
0.738	 13.88	 6.16	 13.92	 0.0404	 0.289	 1.304	 3.49
0.762	 14.36	 5.96	 13.54	 0.0404	 0.280	 1.220	 3.39
0.787	 14.83	 5.77	 13.18	 0.0404	 0.271	 1.144	 3.29
0.812	 15.30	 5.59	 12.85	 0.0405	 0.262	 1.075	 3.20
0.838	 15.77	 5.43	 12.55	 0.0405	 0.254	 1.012	 3.11
0.863	 16.23	 5.27	 12.26	 0.0404	 0.246	 0.954	 3.03
0.887	 16.70	 5.12	 11.99	 0.0404	 0.239	 0.901	 2.95
0.912	 17.17	 4.98	 11.73	 0.0403	 0.234	 0.853	 2.87
0.938	 17.64	 4.85	 11.47	 0.0403	 0.234	 0.808	 2.80
0.963	 18.10	 4.73	 11.20	 0.0401	 0.255	 0.767	 2.73
0.988	 18.61	 4.61	 10.80	 0.0399	 0.388	 0.725	 2.67

r/R 	 [ ], radial position of control points / propeller radius.
V* 	 [m/s], total inflow velocity.
beta 	 [deg], undisturbed flow angle.
betai 	 [deg], hydrodynamic Pitch angle.
Gamma 	 [m^2/s], vortex sheet strength.
CL 	 [ ], section lift coefficient.
Sigma 	 [ ], cavitation number.
d_alpha  [deg], inflow variation bucket width.
