					 OpenProp_Performance.txt 

					 OpenProp Performance Table

Date and time: 2022-01-17 15:55:01

 r/R	 V*	 beta	 betai	 Gamma	 CL	 Sigma	 dBetai
0.220	 6.92	 40.99	 48.46	 0.7155	 0.413	 5.223	 13.30
0.259	 7.64	 36.38	 43.99	 0.7819	 0.388	 4.262	 13.21
0.299	 8.41	 32.59	 40.17	 0.8637	 0.371	 3.501	 12.89
0.338	 9.22	 29.45	 36.85	 0.9445	 0.354	 2.901	 12.46
0.378	 10.05	 26.82	 33.97	 1.0193	 0.336	 2.428	 11.97
0.417	 10.91	 24.59	 31.45	 1.0861	 0.318	 2.054	 11.45
0.457	 11.77	 22.69	 29.26	 1.1448	 0.300	 1.754	 10.94
0.496	 12.65	 21.05	 27.32	 1.1955	 0.283	 1.511	 10.44
0.536	 13.54	 19.62	 25.61	 1.2384	 0.267	 1.313	 9.96
0.575	 14.44	 18.36	 24.09	 1.2739	 0.253	 1.149	 9.50
0.615	 15.34	 17.26	 22.73	 1.3017	 0.241	 1.013	 9.08
0.654	 16.25	 16.27	 21.51	 1.3216	 0.230	 0.899	 8.68
0.694	 17.16	 15.39	 20.40	 1.3323	 0.220	 0.802	 8.30
0.733	 18.08	 14.60	 19.40	 1.3322	 0.211	 0.719	 7.96
0.773	 19.00	 13.88	 18.49	 1.3179	 0.204	 0.648	 7.63
0.812	 19.92	 13.23	 17.66	 1.2848	 0.198	 0.586	 7.33
0.852	 20.84	 12.64	 16.89	 1.2252	 0.192	 0.533	 7.05
0.891	 21.77	 12.09	 16.19	 1.1267	 0.184	 0.486	 6.79
0.931	 22.69	 11.59	 15.54	 0.9663	 0.175	 0.445	 6.54
0.970	 23.62	 11.13	 14.93	 0.6896	 0.181	 0.408	 6.31

r/R 	 [ ], radial position of control points / propeller radius.
V* 	 [m/s], total inflow velocity.
beta 	 [deg], undisturbed flow angle.
betai 	 [deg], hydrodynamic Pitch angle.
Gamma 	 [m^2/s], vortex sheet strength.
CL 	 [ ], section lift coefficient.
Sigma 	 [ ], cavitation number.
d_alpha  [deg], inflow variation bucket width.
